impedance_controller:
  ros__parameters:
    frequency: 1000.0
    m1: 3.0
    m2: 2.0
    l1: 1.0
    l2: 0.6
    b1: 5.0
    b2: 5.0
    g: 9.81
    q0: [0.785398, -0.785398]
    M: [1.0, 0.0, 0.0, 1.0]
    B: [100.0, 0.0, 0.0, 100.0]
    K: [250.0, 0.0, 0.0, 250.0]